cam0:
  cam_overlaps: [1]
  camera_model: pinhole
  distortion_coeffs: [-0.0029212236311025376, -0.0014515935861469601, -0.0004622609474129387,
    0.00016046286735655306]
  distortion_model: radtan
  intrinsics: [383.080248510894, 382.7270790866126, 319.15117915470717, 241.20185091076897]
  resolution: [640, 480]
  rostopic: /infra_left
cam1:
  T_cn_cnm1:
  - [0.9999996662789425, 0.0002435760843928902, 0.0007798158008496119, -0.05020116311280908]
  - [-0.0002443648376673386, 0.9999994585507891, 0.0010115255525416165, 2.7108606478460797e-05]
  - [-0.0007795689951856148, -0.0010117157745358305, 0.9999991843513483, -0.00018502321264630202]
  - [0.0, 0.0, 0.0, 1.0]
  cam_overlaps: [0]
  camera_model: pinhole
  distortion_coeffs: [-7.77823932354678e-05, -0.004668738173659393, -0.0010778702006098585,
    0.00022345618964376423]
  distortion_model: radtan
  intrinsics: [382.7013735949512, 382.27024876802705, 319.15975537538577, 241.62218672507282]
  resolution: [640, 480]
  rostopic: /infra_right
