cam0:
  cam_overlaps: [1]
  camera_model: pinhole
  distortion_coeffs: [0.00333353251391402, -0.0031879080831248826, -0.0006060241868892876,
    0.0009890508866270207]
  distortion_model: radtan
  intrinsics: [384.792098854419, 385.9916914671001, 320.3678261452429, 240.91789288355196]
  resolution: [640, 480]
  rostopic: /infra_left
cam1:
  T_cn_cnm1:
  - [0.9999953690109646, 0.0003244077131366828, 0.0030260066527214484, -0.050242084813708975]
  - [-0.0003246119379468025, 0.9999999450691128, 6.699897887385247e-05, 5.8086146155106185e-05]
  - [-0.0030259847515146966, -6.798094648609567e-05, 0.9999954193869472, -5.302503180099889e-06]
  - [0.0, 0.0, 0.0, 1.0]
  cam_overlaps: [0]
  camera_model: pinhole
  distortion_coeffs: [0.0023762846577109168, -0.0010116582952326082, -0.0005050828279843391,
    0.0010655977491859892]
  distortion_model: radtan
  intrinsics: [385.0902278489394, 386.101820181636, 319.3948107190195, 241.56600184678618]
  resolution: [640, 480]
  rostopic: /infra_right
