camera_matrix:
- - 898.9332256323911
  - 0.0
  - 647.1997536072407
- - 0.0
  - 902.0117428917633
  - 365.9269346521499
- - 0.0
  - 0.0
  - 1.0
camera_u: 720
camera_v: 1280
dist_coeff:
- - 0.12534735060353883
  - -0.3083701866538014
  - -0.0017041167356471227
  - 0.0007956121523851404
  - 0.13177580008455939
information: Camera calibration parameters
